331.40
117.40
336.60
110.60
336.60
105.40
337.80
157.80
150.60
213.60
129.00
105.00
186.40
312.20
191.20
337.00
320.20
270.20
327.80
312.60
246.80
96.60
151.80
182.00
319.00
161.80
162.60
208.00
142.20
322.20
226.40
236.00
234.80
143.80
188.00
191.20
241.60
101.40
308.20
235.60
98.60
148.20
190.00
273.00
97.80
97.80
329.80
136.60
271.40
210.80
316.60
286.60
121.40
320.60
287.00
249.60
329.00
229.20
96.20
318.20
99.80
205.60
208.00
131.00
322.20
281.40
217.60
313.80
329.40
341.00
212.00
259.00
104.60
337.00
192.40
299.00
114.60
246.80
239.60
178.80
193.20
192.80
194.00
117.00
261.00
325.40
144.20
202.80
130.20
215.20
145.80
219.20
297.00
132.20
228.40
267.40
252.00
159.40
277.80
232.80
742.03
1604.61
803.80
1923.97
1330.71
508.39
1329.09
1561.79
737.58
1306.70
645.91
1598.22
1528.68
1609.86
1623.60
1476.95
791.01
634.35
1185.70
670.11
1843.02
1701.19
844.76
1337.71
687.45
1751.12
660.95
736.48
479.97
746.21
1463.35
1000.32
1135.99
862.73
1321.71
601.68
996.27
1439.09
1466.92
926.30
685.87
993.01
1196.85
707.63
1168.91
1419.99
1836.47
1671.09
901.74
1435.66
877.82
1626.62
1078.14
1497.33
1207.35
886.58
1374.83
1117.93
654.70
627.72
1289.91
375.97
1226.68
869.49
1482.00
1441.41
607.01
649.19
1843.04
120.39
533.09
984.96
813.66
1039.84
1176.25
1461.65
1640.83
700.67
506.83
674.08
1566.57
1179.46
933.08
1877.99
1208.59
864.69
734.03
909.70
813.69
1497.52
1665.14
1284.62
1025.32
442.15
318.83
1221.28
1127.63
415.68
449.68
899.24
1871.95
1889.04
1874.80
996.60
1480.92
1893.49
1179.80
1003.00
1843.91
1498.91
1399.17
1077.08
1247.54
1108.40
2240.01
1494.24
2142.90
1011.60
1622.72
1174.23
1156.40
1199.97
1794.71
2122.41
1883.19
1171.49
1039.00
1999.18
1045.20
2218.19
742.00
1353.71
814.20
2024.79
967.20
2265.06
1219.00
1537.79
1329.32
1378.22
1106.00
1420.91
903.20
1443.86
1647.96
1341.81
1671.73
2446.34
1796.19
1641.37
1896.92
1834.46
1659.33
1932.05
1983.94
1017.80
1421.91
897.60
1194.60
1118.40
2011.74
1913.89
1782.47
1876.52
2189.26
1919.04
1537.81
1753.53
1269.90
1679.35
1367.44
1618.35
1358.10
1729.50
953.20
944.00
1835.22
1045.73
1325.05
1079.40
1771.84
1029.60
1208.00
1812.83
1644.25
1722.06
1718.44
926.69
2324.24
1699.76
1834.19
1704.43
1791.86
1787.09
1159.40
1656.54
1029.20
1939.91
1733.37
2104.54
1011.26
844.40
1547.10
702.80
1477.29
764.54
1095.12
1545.13
1387.29
1257.24
1197.54
1322.33
1028.98
1332.06
1256.00
839.40
1213.79
789.13
1142.14
1147.25
1205.58
812.94
735.94
1359.95
1456.86
1240.10
1525.10
1415.36
1243.95
856.49
441.60
542.00
647.78
1636.45
1317.13
638.00
704.60
541.20
1137.64
1469.03
545.00
819.02
1277.24
1016.34
863.40
1029.32
1256.08
519.20
1111.94
1333.56
1339.46
936.81
670.25
1336.70
685.72
587.13
1424.34
1432.58
605.00
539.27
666.33
1144.75
1548.74
1385.12
489.20
1778.39
1481.05
1034.74
553.00
1265.99
863.40
1116.91
1441.05
1316.22
1349.31
821.54
1476.61
631.77
674.49
960.77
588.40
1438.33
1527.17
676.91
1151.38
873.66
1633.78
416.20
882.84
1396.87
709.62
1158.24
894.62
1442.61
1437.33
829.77
1291.00
837.42
866.40
1433.11
1052.40
861.39
924.60
923.20
870.39
633.59
896.40
757.20
629.80
981.89
716.89
1078.19
910.00
904.20
768.40
548.40
1192.80
441.40
1041.39
406.20
1216.43
613.79
693.20
890.00
610.80
638.80
953.60
790.69
414.80
1079.80
420.80
650.99
886.99
941.19
612.59
1163.60
776.00
892.09
920.00
989.49
909.40
1013.60
700.09
904.29
549.20
1052.60
455.60
908.63
1066.80
539.89
373.56
437.84
540.98
942.30
1210.78
730.75
877.42
725.86
706.08
971.06
892.11
824.18
923.03
868.30
1273.04
762.23
948.92
1164.07
1236.57
527.46
641.01
1032.33
1134.01
1101.21
842.99
902.87
1125.75
1170.77
980.15
670.40
707.22
806.90
452.78
547.37
842.62
711.46
1253.70
967.21
580.10
1248.02
758.27
431.95
711.22
720.24
638.40
525.40
1113.23
958.01
871.10
755.44
1031.82
950.23
605.92
400.70
1064.23
409.96
871.80
611.43
953.40
472.10
916.94
569.24
668.10
687.37
463.77
895.62
664.08
1223.04
926.67
717.96
1045.60
776.90
1194.59
683.59
866.70
699.38
575.89
986.40
982.81
610.84
694.33
924.64
1002.80
657.40
457.92
993.96
1183.23
531.33
1089.52
584.62
1042.16
1068.69
911.67
268.02
719.42
669.14
1146.86
1133.04
654.73
846.44
1339.49
927.24
1085.69
1138.18
1024.24
305.50
743.52
640.54
876.09
1222.29
770.00
1290.65
854.11
658.78
1299.85
818.82
608.45
469.93
808.18
1075.18
534.95
578.55
728.85
1234.06
1010.22
827.06
1285.30
745.67
1018.83
589.74
724.03
911.09
500.62
537.74
840.12
1412.36
1056.50
795.66
892.30
968.07
1392.75
894.84
880.00
1392.00
852.93
1237.65
1311.27
956.45
726.39
1095.95
1205.47
598.66
1371.31
1240.06
438.33
1264.37
697.07
570.51
673.08
1442.65
701.73
910.91
935.04
1307.46
1292.88
676.28
868.79
1173.23
1168.07
598.66
1254.68
242.05
1216.16
325.92
907.38
1166.61
1042.40
575.27
1209.91
789.72
756.40
599.68
768.29
1288.48
837.38
638.41
1408.55
1266.31
801.42
1418.41
315.83
889.25
587.36
818.65
880.37
931.43
581.79
993.71
1380.63
629.65
1437.09
1631.11
1745.14
1611.66
1694.23
1905.32
1685.07
1890.06
1820.65
1708.53
1881.67
1868.71
1856.86
1844.68
1690.41
1745.14
1867.29
1682.40
1577.34
1749.53
1567.99
1785.02
1636.45
1624.44
1725.12
1833.05
1553.69
1893.69
1914.61
1827.33
1612.99
1527.17
1840.68
1848.69
1812.65
2093.83
1834.95
1815.88
1940.02
1877.16
1640.87
1831.90
1800.63
1592.28
1725.83
1847.92
2071.77
2098.58
1962.71
1960.43
1535.39
1736.18
1810.36
1577.72
1898.64
1649.42
1653.80
1733.51
1809.02
1851.06
1805.02
2127.57
1678.21
1628.06
1652.47
1788.24
1872.71
1631.50
1957.37
1471.32
1984.07
1587.06
1536.34
1817.98
1677.72
1952.42
1782.85
1769.93
1730.46
1752.96
1686.41
1430.92
1662.20
1895.97
1580.66
1439.00
1836.29
1508.46
1744.95
1870.04
1524.03
1749.91
1877.28
1819.49
1706.43
1733.47
1920.38
1807.31
1525.37
1645.41
2603.55
2269.86
1054.80
2461.42
1632.91
700.40
1576.00
1760.21
567.78
1122.61
2046.99
2292.49
1453.60
1687.82
2096.58
1836.66
1661.97
2440.52
2648.70
2114.68
2460.44
2005.23
1633.56
1710.07
1171.22
1164.21
1912.63
796.40
1979.82
1880.99
2646.50
2298.45
1893.49
1402.27
1483.77
1892.54
787.40
1952.20
1181.63
360.40
1823.89
1849.25
1130.20
504.00
1891.71
1755.79
1803.67
677.40
2187.13
2708.81
2459.79
1215.13
1122.53
1988.26
2127.86
623.45
1096.73
1858.41
1884.42
1979.87
1745.80
1151.40
862.94
144.73
1601.65
1586.04
981.00
1995.32
2643.72
905.00
2051.38
2272.82
1404.43
412.80
1824.44
1933.28
1806.92
2116.69
879.17
1320.44
1380.20
1075.60
2536.30
1536.40
807.87
2074.07
1252.38
1306.10
1439.67
2610.75
1982.35
1101.88
1256.60
1733.91
1732.69
2688.62
1731.79
1736.23
1093.97
1091.42
1247.80
1643.51
2500.15
2537.66
1850.02
1604.03
1619.10
1500.69
2175.12
1996.58
2141.76
1164.36
1308.60
1513.07
1939.77
1123.60
1937.92
1954.07
1085.42
2053.95
1668.24
1213.40
1645.50
890.52
1440.91
1971.29
1324.60
1575.01
1890.10
1714.80
533.55
1487.80
2140.04
1435.87
762.32
2542.47
1207.90
1640.09
2720.18
1500.25
976.72
1713.13
708.80
1720.03
870.20
1954.32
2032.46
1279.90
896.38
1334.04
2000.09
1237.85
2128.41
1968.62
1218.17
488.34
1696.26
929.45
1855.74
1653.33
2470.08
73.53
855.93
2369.90
1940.78
849.53
906.00
1953.52
1191.54
1976.24
1455.40
2755.23
777.23
2189.43
1758.26
2279.18
1734.03
2090.27
2653.02
2289.39
956.40
1781.75
1651.23
2103.54
2411.81
2271.18
438.60
1050.69
732.28
1825.80
2046.09
1910.84
1418.39
1241.23
1528.33
1297.62
1787.02
2165.96
1590.17
1722.94
1802.52
2111.68
2407.12
1398.62
1142.94
2137.60
2497.44
2773.67
2140.71
2041.98
1904.67
1433.64
1828.07
2091.00
2684.78
2156.06
2260.46
2010.00
2300.69
999.60
907.23
2076.92
1775.27
1817.22
1567.91
2616.81
1053.69
605.02
1672.46
2129.07
2266.18
1106.60
1248.60
1585.35
2249.18
1730.29
1944.21
1832.65
1921.13
1883.47
2152.03
1798.76
1875.47
1529.98
1874.42
1290.60
1382.66
1762.31
2545.07
1773.94
568.99
703.74
1789.37
2587.57
1494.85
2157.01
1767.75
1997.98
1522.00
2091.42
1432.60
2200.81
707.00
1738.08
2633.09
2239.99
1204.39
2340.53
1263.20
1857.73
2320.06
1131.00
2059.81
2462.38
924.00
1824.46
2274.82
1937.35
1728.06
1349.66
926.76
842.86
1015.04
1731.94
2653.77
685.80
2006.29
934.20
1064.20
1801.85
2198.42
802.19
2554.09
1873.28
1190.45
1329.66
642.60
1930.86
994.93
1930.80
906.80
1899.78
998.97
1904.73
2034.05
1163.00
1411.00
2413.00
983.80
2196.88
2420.31
1157.40
1333.80
1943.50
2202.41
1201.51
1542.88
1318.87
2353.42
1874.85
2551.29
1293.63
958.11
1148.96
2368.32
2022.05
1754.87
2454.51
1484.65
1636.28
2463.67
1485.20
1393.48
1242.63
1096.48
842.10
977.41
1524.22
2228.80
982.86
1718.06
1301.53
1858.60
1609.37
1880.08
2632.04
407.20
1180.60
2422.73
1379.20
901.60
1613.64
1621.40
1540.73
2217.08
2481.11
1507.75
1280.43
888.60
2261.93
1990.93
1374.45
1525.66
1506.40
2388.99
1756.39
1403.71
708.20
2428.75
1211.50
1586.45
1119.16
1828.08
889.36
2202.53
1552.25
1787.28
1717.49
1629.94
1772.37
1522.45
1942.69
1604.18
925.00
1071.09
2456.64
1367.62
1691.73
1774.15
1891.20
1589.56
881.54
1430.20
1057.05
1224.13
1181.86
1573.33
2244.01
2130.64
1550.78
1548.42
1328.04
290.55
1988.83
2259.70
1484.82
2112.41
1743.48
1560.63
1008.29
534.40
903.68
599.60
2160.12
2284.69
1570.47
404.80
1869.17
2046.86
1316.02
1987.16
2401.31
1229.80
1573.33
1163.40
1560.35
1205.39
1817.43
2237.08
2652.27
813.40
2558.76
528.04
1716.15
1920.46
1519.83
796.37
1648.05
1183.00
620.06
2430.25
1155.00
1496.15
1412.16
2296.50
1788.99
2238.24
2230.35
1030.85
1202.80
1625.63
997.40
2142.66
1772.13
885.78
1685.56
1317.40
908.60
1744.76
1063.99
1794.14
642.15
1373.00
2341.66
1841.06
2473.63
473.20
1133.80
2055.78
526.72
1091.00
2243.99
1522.75
1984.65
1953.78
2512.62
1958.94
1666.60
852.00
1896.18
1589.84
815.27
1804.13
1203.60
1332.28
465.14
1310.60
709.58
2421.76
2100.70
1248.67
1242.20
912.80
1167.64
932.60
2537.09
1680.69
1877.47
1860.02
1737.95
1779.08
1580.01
875.20
2576.23
793.46
874.00
2690.19
951.28
1567.43
1926.47
2647.17
699.20
1365.89
1288.20
2554.72
1822.74
1817.24
1871.38
1411.88
797.03
1599.59
2376.17
1642.17
1230.04
1878.54
2423.94
1974.87
953.40
1030.07
1959.42
586.40
2576.68
1833.07
927.40
1780.80
1848.38
1985.97
2552.75
420.80
1339.60
2269.73
1868.51
2245.58
2024.80
1587.33
1384.40
2416.40
2617.36
2141.59
1491.23
1677.45
2256.67
2235.53
2284.52
1987.75
2789.94
1882.81
1934.48
2029.52
1062.50
1332.40
1281.44
2069.03
1212.60
2262.26
1630.35
668.24
1435.13
1592.02
2311.04
1216.60
998.00
2291.94
1776.41
899.40
2151.03
1149.39
1166.56
2062.97
2167.04
2374.83
742.24
1164.80
1106.73
1227.17
2034.24
2437.37
685.69
2024.25
1588.71
621.64
1345.70
1052.85
2020.58
992.38
2285.95
1770.12
1198.60
1246.77
1503.74
744.41
2043.65
2274.42
2104.68
2067.58
1927.62
1570.67
1356.20
537.59
1716.50
1217.71
2041.27
1438.72
2470.31
1598.69
2193.20
1690.19
2249.17
881.53
1947.65
2579.94
2033.07
1156.15
1118.96
1358.60
1465.01
2485.65
853.38
1621.77
1722.06
1536.65
2174.41
1220.00
1773.07
1715.47
2064.48
1795.85
1752.58
2607.56
845.00
1990.58
2087.03
1220.60
1416.81
1986.35
1917.83
1543.45
2057.77
1567.56
2347.12
1285.13
2058.83
1308.04
2062.06
962.20
599.20
1812.45
2080.27
1705.66
371.60
1743.95
920.00
1023.75
1701.55
1061.42
2722.29
2742.37
2862.90
1108.94
2161.82
1418.00
1186.20
1370.35
1444.20
1908.71
1778.23
2093.29
2144.43
1068.50
1334.31
1966.71
1340.60
1524.46
2002.42
2441.77
2187.83
1473.09
1597.28
2148.78
1779.84
1081.95
2038.19
1550.19
1700.32
857.60
1736.18
1356.95
2182.76
1541.28
1092.20
1751.98
1603.09
2043.33
980.92
1495.87
1899.98
2625.24
2689.41
1618.40
423.92
2468.03
877.81
1670.43
1816.65
2081.31
1899.46
2083.33
1586.77
1202.60
655.08
1166.67
1292.54
1897.97
2134.15
1038.00
1222.22
1486.73
1394.05
2477.40
2873.94
1947.26
1198.53
1718.60
865.39
1767.98
1809.66
1395.62
2384.02
2417.21
611.60
1950.77
1291.60
967.06
2169.15
2145.00
2568.31
1645.41
1677.45
1420.67
920.00
1453.62
2074.42
1354.23
1619.93
1736.75
1453.35
508.91
472.97
1798.43
1117.60
2817.31
1002.34
1937.54
1636.96
1410.18
2295.84
2353.51
1000.00
2920.90
1268.00
698.00
2038.95
665.60
1259.01
690.00
1927.62
1220.80
2113.96
1637.79
632.85
792.58
716.66
1409.40
1021.20
2466.44
695.20
2178.75
2342.11
218.60
2540.19
1509.86
717.20
1204.00
1933.26
992.40
1974.56
2611.49
1952.22
834.19
349.71
1240.98
1257.20
1852.31
1323.26
2470.39
2883.98
321.80
480.00
1652.26
1487.92
579.63
971.30
1203.16
1633.33
1219.11
2099.15
2228.90
411.44
2569.42
769.80
1365.79
1258.71
1841.79
1427.93
2885.33
1866.22
2162.76
1821.47
2462.36
2284.48
1198.00
1223.22
1514.80
787.40
2588.87
2593.05
1834.82
1664.25
1910.84
2316.41
2153.33
1339.40
1393.36
1408.21
1165.00
2451.52
2377.26
1291.01
1402.00
2036.88
1826.38
2763.34
341.92
1727.40
967.27
1980.82
1467.35
1618.15
2253.43
1058.52
1884.01
2448.77
2028.69
2361.82
1407.40
589.64
2110.29
2108.63
316.19
1225.92
935.40
2123.92
1597.87
2236.72
1291.70
1620.00
1107.41
1527.70
2353.25
1243.12
1486.59
1381.67
819.73
1014.68
2733.52
986.60
467.18
847.68
1130.95
1204.22
1377.78
1092.80
2637.81
1518.62
897.44
2344.73
1942.26
1153.00
1440.78
1490.57
2286.69
2042.76
2144.07
2054.61
2164.50
1498.02
1772.64
1256.00
2513.08
1883.73
2056.84
2461.29
701.52
1530.05
1728.86
1825.03
1971.60
1954.87
1713.11
1483.33
1305.80
1910.86
673.54
270.20
904.72
428.32
1882.81
1033.80
853.20
668.71
305.01
1758.49
1547.76
775.80
1366.00
1644.46
925.00
1709.57
2047.94
1592.79
2324.47
366.40
2349.76
1940.40
925.84
1470.37
1740.60
2472.90
2166.40
2494.59
2050.47
613.20
1978.15
1893.42
1803.10
1372.40
1673.27
971.66
1354.94
542.00
1178.40
513.07
2142.24
1617.63
1814.73
693.10
2732.09
884.31
814.22
1002.00
1793.19
2405.46
2697.88
2386.53
2690.87
831.20
853.60
902.96
1555.02
1765.62
1239.00
1896.74
2627.50
1959.39
984.84
2064.21
2668.00
672.20
1795.88
963.00
1326.31
2011.52
1075.00
1489.56
1907.79
1825.23
2430.45
2042.66
2403.63
1685.82
1472.07
2057.17
2538.56
1287.50
1847.20
941.64
508.37
1236.45
1243.00
1777.12
1206.80
1327.40
1279.00
1074.20
1568.38
997.22
2345.00
447.60
2619.05
1425.45
1265.66
1600.03
1921.46
1535.20
2152.45
1986.14
2378.70
1826.74
1707.20
630.79
1764.59
820.00
923.12
2007.63
653.04
2450.22
549.97
1659.14
2761.38
2189.30
1875.64
1030.57
1979.16
2665.31
1956.53
2459.37
2168.25
705.60
1003.60
1728.95
913.78
1793.28
1313.40
2395.11
2034.21
2170.38
1893.37
1944.07
1612.43
2534.49
2502.09
2390.93
559.20
640.19
822.30
1216.40
1620.82
2162.83
2355.66
1467.20
1717.47
1807.91
1849.70
1977.28
2731.76
1853.06
568.90
1291.15
1023.57
2066.76
1301.28
2183.88
650.19
1103.00
969.80
1463.56
1500.73
1419.31
390.60
1646.80
1473.79
2400.90
1743.13
937.63
2467.44
2285.41
545.00
758.45
2018.08
1551.79
1516.80
1577.87
2648.15
1572.35
2008.12
2357.14
2055.70
1580.23
1990.06
2002.00
1001.62
689.83
747.89
1131.60
1825.44
555.60
2278.30
1467.03
1766.80
2506.30
1715.21
1092.20
2265.14
2026.58
1561.83
1026.80
2391.25
1331.47
1128.20
1515.92
1844.21
774.00
1317.93
1653.80
1947.08
1850.02
2921.24
2417.37
2748.80
1878.91
2189.71
1274.50
1517.60
2043.27
1644.61
2084.78
2221.06
1849.02
1723.40
2222.45
2684.05
1677.13
1161.80
585.10
2712.96
2516.52
1441.40
1354.42
1206.20
1721.96
1152.20
585.96
596.60
2181.82
1657.59
1392.20
2446.14
2087.98
1843.53
1913.13
1682.40
1506.21
1047.80
2174.33
1081.40
1608.80
817.99
1294.15
1224.23
1453.71
2080.39
2139.75
1921.82
1088.18
2442.23
2182.28
561.92
1164.52
2117.81
2055.00
2029.25
1776.40
711.00
2472.79
1258.60
180.00
672.50
1959.09
1841.70
1108.23
868.83
2306.55
657.35
614.40
1779.28
2007.07
2331.14
1565.32
2036.69
2306.31
1742.65
1480.40
2684.40
2160.22
2287.24
2399.54
2206.40
698.40
1459.77
1179.38
1421.77
2460.76
781.20
1783.08
1234.20
1980.35
711.60
2365.46
1765.73
1504.74
1074.60
1512.62
1127.11
1398.15
1727.79
1643.82
472.20
211.60
787.34
1657.47
2102.12
1655.41
1390.99
1618.72
2768.07
2730.90
2080.59
794.65
1518.00
1660.80
2491.79
2750.92
1889.01
1281.18
2323.43
1621.46
894.80
1212.76
832.83
1443.02
2339.63
2327.53
947.05
1899.21
427.60
2023.56
2334.62
2266.15
544.80
883.79
1916.85
2371.89
2452.78
578.90
2509.88
1501.91
682.13
1513.16
1219.70
765.80
929.42
1301.61
1862.42
1899.02
1128.55
765.50
1412.80
1355.78
1188.18
2537.06
1763.06
1915.04
1739.49
1905.04
1373.80
1781.36
770.80
1663.16
2424.02
2662.75
445.12
2035.36
1453.00
1934.30
1721.11
833.28
1608.42
504.32
1588.27
2324.67
720.00
1130.60
2527.32
467.00
1008.57
882.15
1763.06
2310.88
1983.69
977.77
1386.80
832.87
1054.34
2102.06
881.73
1926.43
1364.74
2477.44
880.80
1327.20
2773.83
1446.64
2099.14
761.89
2105.48
1669.06
2091.34
1341.00
2091.91
2832.97
892.80
1531.54
1142.20
792.60
1309.41
1277.97
1416.40
2315.71
1134.59
1616.49
1185.00
2024.61
1274.40
1814.73
1327.20
1886.39
2144.84
2239.47
2305.57
1285.40
1805.45
2032.91
1830.19
1018.00
2112.70
2932.95
1803.30
1404.93
1623.10
1882.77
1955.52
1723.47
2503.56
2258.32
1242.08
1363.42
744.59
2306.27
1546.58
408.80
1629.16
2575.29
1923.62
1532.59
1161.12
621.60
1056.32
1755.82
1313.40
1899.82
1404.88
753.65
1569.48
2345.31
1363.72
1704.05
1920.00
304.60
877.60
2267.23
2168.07
1346.51
1344.75
2053.09
1698.32
1332.81
1643.43
2086.50
1608.95
2532.78
1526.19
2526.94
777.64
1859.55
1140.20
1119.00
994.09
562.00
1666.88
1361.21
2820.98
969.68
1290.47
2664.08
1817.58
1178.60
1699.54
2489.16
632.40
2590.62
931.91
613.60
1434.77
1010.40
2078.65
2375.11
1101.00
2619.45
2229.09
1731.37
714.00
522.29
823.40
1412.18
1530.31
765.03
2032.50
2463.02
1048.16
2171.34
747.47
825.71
2068.52
945.20
177.05
1390.96
1820.77
1395.80
2451.56
2326.02
2288.65
2001.99
2854.22
2122.75
2000.09
2853.20
1134.81
1877.00
2061.68
2527.96
1115.21
2438.25
1263.25
2141.76
1394.13
1330.22
1198.79
1177.49
1947.26
1068.47
1423.94
2141.38
597.00
1588.68
166.78
1985.97
1395.86
2264.90
1619.08
1239.70
1817.38
2048.71
1871.24
2587.98
678.23
2231.01
1749.33
1567.25
1229.51
1667.34
1007.99
1718.90
1360.46
1963.66
201.60
2120.47
379.41
256.60
1437.00
931.40
2111.57
1570.61
2854.00
1721.68
1657.58
1511.76
2533.96
956.60
962.20
1892.97
1405.11
1238.95
1215.70
1380.02
1559.51
2884.51
1853.06
645.00
2008.99
1583.77
1852.08
1154.72
552.09
1297.16
673.28
2393.12
1148.49
1799.82
1354.69
1436.00
760.00
1603.47
639.20
1833.80
1588.97
2673.03
1108.69
1335.94
944.20
2210.40
1975.68
949.72
2138.06
854.40
1007.60
493.92
1676.24
420.40
1781.95
2448.02
1292.80
1308.80
1765.54
675.91
1271.14
1920.11
1607.65
551.82
1814.16
2049.63
287.78
1505.39
660.89
832.00
1289.48
2052.71
833.40
718.48
1612.08
2050.99
2468.59
1678.54
2507.22
2217.87
1894.45
2554.41
1882.62
1046.20
954.80
2196.89
990.80
2340.05
1439.67
1524.80
1812.83
1836.62
1242.61
2439.18
1642.36
1703.76
2263.64
1158.83
1225.40
1612.19
1180.60
1335.70
2488.94
2471.97
1885.96
484.35
2140.18
760.00
1476.66
289.11
1784.75
2409.09
1760.01
1749.14
1046.25
1705.54
1633.78
1407.00
982.11
2111.77
619.93
1575.05
1609.78
921.20
2048.86
2018.88
2062.97
2027.92
1838.87
583.20
356.85
2478.10
2730.85
2103.10
1259.88
1788.09
1416.79
1767.26
1854.78
1947.81
1688.13
1972.36
1076.40
1955.46
1380.66
1789.99
670.41
2165.84
862.25
626.08
1975.21
1840.48
2158.58
1559.40
1751.63
1820.84
788.20
959.08
2371.34
2706.09
1635.00
1995.57
1452.40
2640.77
853.60
2094.09
1279.82
1772.79
1046.89
1874.70
748.53
1254.20
1205.86
1147.62
309.00
2403.27
1797.44
604.31
911.80
1954.89
1716.54
1841.06
2665.61
1541.02
2489.25
1444.83
2020.76
2050.04
1010.80
566.40
1690.53
1967.37
1682.02
1460.19
2213.07
2167.14
1185.80
2379.07
2444.23
1829.23
1850.59
1054.37
2076.97
1972.44
1962.13
2204.36
2228.57
1965.51
2942.31
1593.44
1932.58
1124.40
2381.78
2381.22
2189.07
2008.09
472.62
1222.60
1657.32
2183.71
2212.41
1598.69
1722.45
2211.12
2132.49
1899.98
1065.40
1010.00
1722.33
484.58
1947.83
2260.57
2041.65
1499.73
1386.80
2447.00
2476.04
2689.41
473.45
2656.09
1708.15
1676.10
2505.07
2102.94
951.53
2555.10
2737.49
1215.47
2523.46
1788.48
1422.40
1567.43
829.80
2123.07
1061.45
854.05
577.60
548.73
970.55
1333.75
451.69
2081.71
672.16
2265.33
1697.47
1891.56
2560.96
2369.92
2392.98
1933.92
1810.06
2435.31
1575.35
656.23
1643.69
1786.90
2557.87
1787.67
1805.97
732.34
614.95
2268.34
1191.65
1604.80
1003.40
2783.41
1363.60
2154.14
1724.55
1374.40
1432.73
1411.80
2040.32
1729.51
1959.09
2275.36
1713.53
1204.60
2303.52
2544.83
2010.75
2170.58
1102.17
1977.20
1178.87
702.60
1576.37
1289.54
1505.96
918.40
970.11
1355.00
2314.81
1665.22
1753.91
1009.40
1691.51
2132.08
291.14
1335.51
1682.76
2001.61
1825.41
829.47
537.73
1369.87
1804.06
1222.46
2462.30
728.80
1828.28
1992.82
730.31
2064.72
2723.75
1575.40
1597.84
1726.59
1928.30
1042.60
984.81
2767.63
2223.73
1766.68
2285.23
2377.49
2529.34
1301.00
2126.57
2600.70
1250.00
2160.52
519.19
1428.99
1013.72
2542.65
446.40
565.48
1986.74
1982.22
1392.60
347.82
2170.00
2527.09
2288.28
1744.19
1357.99
2523.67
1294.56
1376.20
2434.18
1261.69
728.93
1725.92
783.60
1570.62
2035.54
1771.84
1586.50
2035.54
1958.89
1281.17
1775.67
847.93
1054.82
1982.61
732.20
2121.01
1137.24
1912.37
996.52
1960.23
2636.44
2272.13
1501.28
1566.73
1526.05
667.49
1158.02
573.20
1987.43
872.40
1801.97
1793.19
2010.38
2045.00
1811.68
1057.80
340.20
923.62
2465.13
1938.69
2593.46
1135.75
968.76
2022.15
1682.73
1953.69
1080.60
970.98
1400.48
1539.01
1870.41
786.50
2197.31
542.80
923.03
1954.89
1174.60
1840.81
1725.33
2462.49
1770.04
1658.19
1932.85
1138.79
1830.45
2719.73
2269.78
996.59
1592.90
2580.94
263.60
1795.10
2095.63
974.40
2396.32
1007.00
2161.45
2305.97
1186.52
2609.76
1624.94
656.78
1725.52
1513.22
2400.14
967.48
1231.20
1636.94
571.00
1636.78
1694.42
854.18
1274.74
1780.03
1279.80
856.36
2667.79
1551.68
1411.62
2357.89
2189.55
859.00
1598.21
1837.99
1527.68
1185.30
2601.28
1945.16
2443.88
968.40
1973.39
1283.93
716.20
1419.80
1653.72
634.15
2090.84
388.81
2661.34
2603.77
1431.66
1966.71
1519.18
2386.05
2089.22
533.54
1048.60
1827.71
2305.89
1579.06
2473.30
1490.02
2368.69
1218.24
1471.39
1120.20
2059.21
313.80
2182.37
1144.44
948.32
622.40
613.60
1903.21
1101.65
1805.43
1748.38
1887.01
999.90
2458.88
2085.27
923.80
1626.61
1935.73
2278.98
1968.24
2374.51
1594.22
2105.29
1690.89
784.10
513.60
2961.25
1826.74
2695.24
878.20
1938.69
1570.77
1262.48
2025.05
1597.70
2624.98
1904.48
1616.90
1907.47
1900.73
1900.90
2797.59
1449.89
1892.35
2046.99
2193.62
1579.34
1427.53
1822.86
2847.98
971.14
920.84
2049.71
1556.57
2202.59
2406.26
1724.62
896.17
1487.63
1142.60
2608.81
2448.30
1564.96
2788.31
2677.42
1861.85
2098.28
1877.63
2290.67
2581.02
2261.05
1660.44
601.45
1626.72
1861.84
1480.66
1512.70
2207.73
1998.32
2286.79
2015.72
694.45
1522.03
2580.36
1921.85
2017.24
2083.96
1843.80
1233.80
1165.80
1939.25
2177.31
2313.25
2181.04
1514.45
881.20
1826.34
1766.31
1605.89
1481.25
1000.27
1824.20
1642.17
1761.57
2341.77
1994.19
2033.64
457.37
719.33
2444.47
931.45
1871.18
1127.40
1622.34
1149.78
1786.52
1327.20
1797.44
2002.87
1761.86
1551.02
1825.67
1437.06
2116.09
2286.80
1109.00
2232.95
1688.22
2295.85
1777.82
1581.56
1557.13
1883.38
1087.60
427.33
976.16
1785.29
833.20
2557.34
1401.80
1380.75
2004.66
2282.90
1567.99
2583.91
2878.86
2434.17
1659.33
1326.91
2325.97
2666.26
2098.66
1442.80
2695.53
2006.23
2414.36
2793.39
1187.80
1100.05
1894.44
1758.49
1448.00
846.20
1266.47
1843.33
2725.05
2565.33
1317.69
2107.61
885.00
1474.76
558.20
1646.58
2131.67
642.60
1552.03
2443.99
1924.39
1663.33
1601.13
1412.40
1262.97
1064.20
2109.34
1574.67
1788.50
2285.61
1726.27
583.69
1232.60
987.60
1803.73
1403.40
2479.27
2601.86
2097.26
1817.40
2287.58
965.87
2662.65
920.41
2511.07
1448.25
2247.95
1292.17
1037.00
1886.84
1902.49
1457.55
2612.79
911.16
1470.78
2587.65
1315.11
2268.73
2005.23
333.64
1720.06
1387.09
1912.90
2064.72
698.60
2530.98
1540.85
1548.26
2172.14
1873.85
1853.26
1667.72
1272.76
476.00
833.60
931.78
2405.70
1525.78
1816.25
2197.92
2376.85
1429.94
2277.09
705.20
2371.60
1650.18
2283.35
1692.70
2281.21
2142.01
798.40
928.75
1961.38
1034.90
1593.01
1771.75
2703.96
768.40
1545.20
1728.11
821.40
2387.69
995.22
1201.00
1569.69
2384.56
2417.96
1787.67
2498.08
1147.00
1879.38
1212.20
1407.76
1446.51
1166.00
2358.26
2241.62
1741.50
910.21
1899.98
1029.40
1994.55
1550.77
1679.98
1877.67
2004.52
826.40
1661.71
2279.84
910.80
587.12
750.09
354.00
1941.46
2518.52
568.80
2273.74
2087.98
1292.20
2905.11
2116.40
1541.81
858.00
2180.33
2014.00
1404.68
1482.00
2225.63
1268.60
1808.53
2170.20
1283.00
1180.41
2545.88
1980.70
2740.76
1892.35
2614.59
676.40
1163.22
975.40
2823.85
1007.20
1508.21
798.00
1551.79
2427.78
1019.72
745.66
316.00
1386.88
679.76
975.60
1786.41
822.99
1849.44
1022.54
2416.51
2154.38
2635.46
476.15
2019.82
1688.89
1564.76
881.06
786.81
989.88
1443.80
563.15
1165.73
1808.64
2471.42
1843.53
1000.80
1021.60
2272.06
2792.54
2201.06
1801.29
2364.70
2323.59
1580.59
799.62
2450.75
1250.40
2806.58
1187.37
277.02
1025.40
1678.03
1309.64
1773.94
1068.24
1475.82
2092.94
300.72
2191.66
2457.96
1384.74
1901.21
2042.98
62.75
1910.44
731.32
1890.63
1313.80
1850.97
987.88
1814.73
1103.28
1910.98
2042.03
1677.11
2161.14
1646.36
1853.83
1223.40
1920.75
1810.66
1316.60
2465.63
1666.91
1372.18
1383.00
1287.80
948.02
1957.39
1505.16
1441.54
1905.02
2164.07
1987.49
612.71
1617.04
1374.32
1421.36
807.80
896.26
2128.49
1873.85
2018.18
2133.77
1688.69
878.06
1914.42
2545.68
1501.07
603.63
839.29
2215.07
2662.70
1056.98
1444.64
2269.37
2405.11
1899.10
1944.78
1252.42
707.99
2069.46
1223.27
1744.37
2071.97
1219.34
2716.89
1231.82
2750.37
1430.32
1833.05
1490.01
316.82
1174.80
1529.56
2035.54
1823.51
1201.63
1337.99
1834.19
1321.70
781.30
780.72
866.60
2671.56
1638.36
1036.00
1963.47
1970.34
2077.41
1121.40
1132.24
1408.49
1245.28
1940.10
1996.27
1037.48
960.40
1850.40
1682.14
2086.27
1045.83
1691.56
1217.40
1999.32
1961.96
1675.43
822.90
2559.48
1945.73
1057.20
1125.80
1336.67
967.52
2586.44
2223.86
2642.64
1469.33
1322.00
1436.35
2467.52
1940.36
2374.14
2234.43
2624.34
1169.66
1196.60
1682.30
2336.16
2432.37
1966.07
701.40
1500.24
2523.04
1820.04
1692.22
2090.09
908.60
1651.76
2256.57
2511.51
1258.80
1907.03
788.60
2382.63
1944.63
2244.34
1819.50
761.00
1077.22
1526.88
1171.75
2242.19
1373.49
2627.10
2216.05
957.42
2079.68
2458.17
2519.62
1334.80
298.00
1768.51
1112.60
1994.83
1758.28
475.28
2406.16
1679.51
1824.28
2319.16
1744.95
2414.04
1737.13
907.00
2067.15
1720.26
1148.65
2247.48
1525.19
1382.28
2075.02
2689.29
1673.44
1133.00
1425.29
1483.56
857.89
1091.73
1787.85
811.20
1528.85
1554.58
2165.40
1942.08
1051.40
747.89
2031.26
2210.30
1311.20
976.86
2559.54
1900.79
2168.51
808.48
1863.93
646.81
984.63
1125.67
413.86
229.52
1385.73
620.00
1863.48
1704.84
2409.73
1590.03
2128.69
2184.38
1555.03
1818.35
1224.60
2095.61
2259.10
1839.66
1036.00
894.63
1235.20
307.54
2117.35
1725.52
1455.26
1308.80
358.60
1385.20
2438.02
1317.89
960.27
2140.99
1267.93
1746.34
1745.01
1746.09
1808.06
1826.38
1376.14
1169.65
2697.91
1986.35
1917.33
1852.26
1736.99
855.00
1498.40
2127.96
942.60
1839.71
1924.57
2240.15
1199.80
1987.87
669.82
927.40
2080.05
1307.60
1211.51
591.71
1510.75
1343.20
871.79
2000.40
1626.96
1547.26
197.60
2046.22
2087.60
1807.90
833.39
1050.83
1750.63
1840.60
2546.80
1808.06
1029.35
1281.70
611.00
1242.65
1165.65
231.19
1815.50
194.69
1833.42
800.13
974.48
2561.90
2236.06
2010.00
1153.20
1917.61
1973.31
957.80
1545.82
2197.47
2077.31
836.60
539.68
1952.58
2568.27
1976.35
518.40
2456.82
2141.38
1719.36
1854.98
764.00
1525.71
2437.59
1810.17
1988.26
2460.55
2248.96
701.78
1809.63
2174.66
1898.06
1337.31
1565.71
658.58
1878.86
2410.35
2060.72
2080.16
1697.11
2375.87
2108.28
690.22
1600.10
1974.53
2751.72
1627.95
1417.68
1463.27
2107.97
1971.28
848.40
1187.00
2221.87
2441.34
664.09
1328.82
1396.16
2608.26
1710.33
1831.13
1957.87
984.30
1491.22
2144.47
2327.69
883.97
2481.61
1072.20
1272.83
1897.98
1965.38
1867.56
1557.20
944.55
2530.30
2020.02
995.00
2392.38
1857.83
2023.83
2039.33
1232.38
1593.09
1889.84
1689.87
1700.32
2337.45
1377.40
1971.47
1510.38
938.33
1618.97
2460.65
2551.79
1169.05
1405.00
1769.93
550.33
1285.00
699.35
2089.18
2042.22
2554.03
2298.51
839.82
1722.33
1821.79
2820.28
1269.40
2418.27
1907.42
1001.15
1677.83
780.16
2165.71
583.91
1679.86
1275.40
919.53
2051.93
1301.20
901.38
594.00
2273.60
1522.92
1717.00
2383.84
1722.85
1449.01
2414.38
1469.73
1392.31
1667.40
1749.70
1657.43
1461.83
1858.78
895.99
1012.50
1933.73
525.40
1785.93
2431.14
1906.53
1467.69
2323.41
2228.75
2638.54
2617.70
1033.92
1965.42
1282.93
792.07
1172.57
1154.60
1529.67
2489.34
2359.37
2253.06
2176.08
352.17
2699.21
1301.24
1354.80
1763.76
1184.00
1128.60
2572.39
1032.01
2006.56
1548.35
898.98
2362.26
655.46
818.20
1407.40
1560.75
998.20
2454.69
1535.17
1332.93
1890.06
1392.18
2138.54
1849.26
2282.22
1673.57
825.98
1631.35
2202.84
815.20
675.95
1686.24
1931.73
1946.88
1628.44
1809.01
1782.70
1721.88
1891.20
1066.78
2034.50
389.62
1913.23
1695.12
1104.20
1789.00
1739.33
1939.07
2706.56
2014.39
1274.40
2259.73
1881.09
1892.76
1694.23
1384.00
924.72
1107.60
2658.03
2497.01
1854.72
1724.72
1448.75
2290.91
844.76
2434.35
1763.64
1259.04
2572.65
2700.78
2231.76
757.20
1875.96
1239.00
747.85
409.15
1395.66
1371.54
1616.70
1107.00
143.95
2465.19
1991.87
1658.14
2528.53
1386.20
1562.16
1070.78
1934.38
773.60
1788.62
1290.00
1105.19
1196.11
554.00
1220.60
2383.66
2002.94
1533.10
1994.36
2155.06
2313.11
1149.80
1159.46
1826.32
1757.92
1277.21
2218.59
1194.51
1982.35
1474.37
1865.22
1468.14
1722.45
933.60
991.20
2521.74
1801.51
790.06
831.55
985.81
1390.60
1538.52
2204.27
1056.20
2716.22
1601.75
2187.43
238.73
326.14
1670.77
1721.14
966.40
1688.69
774.60
1285.20
608.43
1783.63
2410.17
1946.50
716.40
1951.74
2116.25
513.77
2290.16
2389.42
605.20
1745.49
2311.29
2697.06
1844.34
1780.51
1478.33
518.40
2270.11
2012.28
2564.24
1741.90
1022.36
2154.72
1190.96
2017.92
1257.20
1444.95
1142.60
1731.22
2315.45
1722.66
1094.15
2469.44
619.60
771.64
1985.17
976.40
1677.45
1667.74
1877.25
674.20
1069.30
1610.14
1030.60
2196.38
883.19
1699.36
1859.73
2390.53
1064.95
2132.32
1018.27
1121.00
2139.13
2500.73
1783.08
858.98
834.60
1917.71
1216.60
1930.10
1890.56
1494.00
1353.70
254.65
1833.80
1543.60
1805.59
1269.93
1830.00
1453.40
1945.11
1487.72
2634.25
2245.34
1804.49
706.05
1814.04
2598.12
1644.59
1557.83
2784.05
2691.53
1701.86
1840.38
2190.78
1177.07
2581.74
1563.35
1068.05
701.14
1303.40
1923.20
877.20
936.69
1986.21
669.55
2371.99
1536.80
1596.02
2337.59
2229.86
1768.05
1246.23
2737.86
1334.00
1117.40
2352.61
1171.44
2523.00
2116.06
1111.79
1069.70
889.80
1843.91
1403.35
1153.97
1000.20
2168.07
1708.91
1747.70
2309.96
2412.81
2538.89
1750.53
1933.35
1262.40
2639.93
903.32
539.05
1927.72
1567.76
1037.57
1953.55
963.04
2053.94
1846.40
2107.19
1026.69
1993.60
2747.93
2498.18
1862.55
1983.69
1333.40
871.64
2153.44
695.11
2254.75
1091.00
1717.68
1394.52
1682.40
1821.43
1890.30
1753.15
1214.60
1309.15
2010.18
1519.37
873.34
1234.90
876.99
2220.51
2064.15
2217.18
1805.43
1829.51
425.94
2194.01
1713.94
1389.22
1898.92
1495.35
1528.65
1483.71
1237.60
628.91
2161.02
765.95
1617.86
2746.16
2180.84
1856.88
1258.41
1824.28
1874.61
345.80
1576.98
482.60
1271.00
1026.20
1013.98
2266.31
1544.35
283.97
1376.91
1678.90
1827.70
2306.95
395.11
2465.45
1033.20
2688.16
1527.13
1903.98
1827.90
2011.33
2239.66
1653.31
1699.02
2719.01
606.40
1733.91
2178.81
1038.86
1615.48
1477.04
2111.98
1790.85
227.00
1454.35
2801.23
1244.20
1282.07
612.35
2617.85
772.33
1027.00
1886.63
1867.64
1382.26
1402.58
915.80
2142.33
2226.83
1171.60
1944.79
1393.97
2593.46
1858.02
1738.28
1300.14
1161.92
2235.77
997.60
738.84
1891.20
1032.20
1817.15
1310.20
851.60
1768.40
1183.03
1952.60
1380.85
1409.60
1471.11
635.60
1887.76
1881.09
1072.17
2702.97
996.60
1648.12
1519.33
1304.75
817.87
1276.20
1992.88
941.40
2101.53
1981.58
1124.26
1961.56
1133.30
2021.72
1757.60
1897.93
2409.90
658.00
1879.76
991.05
1635.12
941.94
1200.80
1826.36
1086.39
2707.76
1090.20
1894.42
2695.80
1881.86
1981.46
843.00
1634.35
1827.77
2104.66
1231.83
652.01
2701.67
1086.83
2645.51
1367.04
1388.26
2116.21
2305.29
1365.79
1721.21
986.20
1784.23
865.80
1708.32
1178.20
2106.95
2234.72
2027.17
1196.50
812.64
990.35
1888.53
2102.75
1334.23
1797.38
2273.60
1584.66
1844.68
2110.00
1727.60
2277.51
1510.21
2581.51
1786.13
2516.82
2158.05
1054.77
880.00
924.99
1713.87
1325.15
1903.78
1846.00
2553.99
1498.41
824.80
1902.45
1914.46
301.00
1616.76
1654.19
2277.48
1942.36
931.80
1060.12
126.95
621.40
1581.78
1494.14
2335.99
1760.97
2570.45
1145.80
1281.00
1680.39
1740.57
834.00
1672.07
719.92
1054.20
1110.80
1911.62
816.80
2288.72
964.80
1908.96
1890.60
1630.71
2760.47
1738.47
1610.33
1449.33
1937.73
1937.45
2259.92
921.31
1396.24
2493.12
2058.38
1096.22
1006.46
696.00
1582.11
1644.45
1061.55
899.80
1592.41
2196.51
2072.13
1649.47
759.13
2150.24
1559.40
2085.97
2326.21
2566.51
1220.15
509.40
1330.20
1154.20
774.40
1338.10
1852.00
2384.62
2284.94
1246.40
1148.20
808.20
833.20
874.46
1323.51
2285.58
1463.80
974.46
1766.22
1869.46
1171.17
1288.33
1730.84
1738.65
2005.99
1820.84
1002.28
1550.16
1937.73
1044.80
1190.30
1756.45
1641.82
480.85
2440.81
1693.29
765.00
1065.61
1700.14
1487.72
1590.60
1321.99
1209.26
1057.20
2792.36
2774.13
2097.41
1694.23
1228.34
1540.29
1276.80
1647.70
2099.66
1892.73
1560.37
2027.92
2502.07
927.15
1299.58
922.25
1115.91
2728.65
1046.60
976.06
1285.07
679.40
1540.73
1392.12
875.80
925.74
1940.42
1370.66
2429.50
2626.01
2506.55
1626.50
740.65
2161.85
956.20
2003.31
2357.29
1070.11
1193.30
2590.36
1057.17
2603.68
1165.80
2777.26
1629.78
945.40
1363.00
690.60
1475.20
688.40
887.74
820.27
1937.67
2324.57
1684.78
2068.35
2295.66
1875.27
769.22
929.47
2414.64
1622.96
1723.90
1135.55
2428.76
1220.51
2288.63
2026.02
857.79
1721.50
2126.31
1903.40
2692.47
1317.87
673.17
1355.58
1730.59
1745.58
2369.36
792.40
600.07
1837.59
1318.20
779.53
1441.27
1953.03
1138.12
1904.67
1880.75
861.40
874.37
1098.00
1531.11
778.80
557.20
557.60
2158.93
2158.76
1649.80
1930.79
1544.98
1742.65
2339.76
1172.67
1264.52
2104.10
1705.80
1932.96
1751.72
1089.40
678.20
2295.84
2434.15
1991.31
2164.44
908.93
1318.27
1886.51
1361.93
1993.98
1894.82
2394.11
2380.62
2161.40
1653.99
1172.93
836.60
680.40
1586.68
1141.00
1711.39
2524.89
2518.49
1372.00
2459.96
1038.60
1236.64
863.80
2003.49
1484.67
755.97
2107.53
1025.64
2733.34
1868.22
1276.00
877.46
1485.44
1191.80
2322.02
2538.34
921.15
1924.57
1759.44
1853.07
1900.53
1791.45
826.20
2598.49
1483.67
2702.91
347.67
565.40
1896.54
1269.00
883.00
1758.77
1199.60
2568.59
1334.00
1201.54
1280.60
1348.55
1909.40
1938.30
2071.56
1410.80
1431.41
2436.17
2308.89
1141.98
1202.54
2389.96
1345.90
1224.25
1665.43
2705.07
1183.60
1492.00
2667.20
778.85
722.41
1834.57
1438.29
1472.31
1539.78
2113.71
1756.12
919.80
2419.73
1761.77
936.80
1666.00
2072.57
1998.35
1335.62
1405.60
742.59
1908.90
2611.08
2678.64
1965.00
784.60
578.24
1830.45
1992.83
945.62
736.80
1971.82
1133.11
1921.72
1025.90
2475.02
1808.06
1480.67
1237.20
2514.56
1857.57
1211.57
858.47
489.05
1767.00
1380.20
1856.11
863.24
1907.60
1504.65
1558.83
2347.34
1986.01
1986.54
2125.61
2013.18
1854.39
804.00
1206.73
560.57
2717.12
2291.51
1672.63
2364.46
1389.23
1982.54
1760.97
2075.83
1542.40
2121.26
1509.71
2049.63
2002.94
1973.45
1220.90
938.40
1428.47
1197.20
1357.40
1707.76
2626.28
1850.97
1145.40
1083.60
981.07
477.25
2555.19
2297.10
1794.42
1334.23
1851.06
1188.20
1943.44
884.88
617.00
2241.69
1033.80
2494.03
1005.00
1701.72
1109.09
1864.70
2716.23
1701.43
2042.05
1910.80
1020.80
1600.80
570.65
2056.20
2112.01
853.60
1301.40
1527.10
2065.13
330.00
2328.48
2659.21
1072.99
1827.70
1747.99
584.84
2075.08
357.80
1167.80
2639.29
2279.69
1724.15
2535.08
1798.72
387.40
329.14
2116.81
943.16
1079.80
1262.20
830.92
2080.74
951.00
2465.71
2213.26
969.00
634.80
1482.80
1356.73
2068.73
645.04
2564.15
2181.70
830.76
631.97
826.20
1965.40
2001.42
1179.60
1223.27
1000.40
2395.83
635.81
1776.02
2677.46
2120.74
1823.32
1645.10
1045.02
658.80
2631.41
622.80
1907.29
920.78
1363.68
2339.31
1247.14
2240.27
1875.89
1697.80
1472.38
1579.21
1745.03
1461.24
863.20
1566.66
1764.01
1269.16
2032.28
2023.18
2632.11
1024.69
979.38
1059.52
1593.36
1220.37
1517.66
2332.01
744.00
1255.67
1528.72
2299.67
1176.73
1097.80
804.80
1406.03
2069.30
1129.80
2046.62
1626.84
2114.82
793.40
2581.84
871.00
2369.71
612.61
2175.08
1219.00
1030.25
1432.07
1932.76
334.24
2015.70
738.00
675.80
2129.07
931.60
672.60
2115.09
2332.06
1289.77
2348.76
1267.80
1352.72
1901.04
2438.35
1133.80
987.20
1961.56
485.64
582.44
2130.15
2428.36
2195.89
1155.62
1981.02
1099.47
1091.40
1375.43
752.80
1065.40
1076.96
1810.10
2332.91
623.18
2539.34
1714.78
1999.62
1690.46
2697.16
1175.13
2051.35
1798.72
1014.00
1279.20
1295.97
1506.75
2069.04
1147.07
2107.76
1475.06
2376.70
1630.69
1791.47
1649.80
2099.13
1157.40
2388.90
2522.60
1126.60
1791.34
1672.87
2183.21
2163.69
1386.28
1812.06
1473.10
870.02
1941.99
1901.63
1303.00
1995.26
489.02
1202.53
689.55
1656.26
1994.93
1416.05
1997.23
1224.60
1053.00
2434.72
2468.88
1868.40
2074.27
1249.44
1855.73
2741.68
508.00
2240.73
1508.40
1395.76
1905.12
2067.71
2115.47
876.55
574.00
710.99
2588.48
937.80
2876.89
2387.84
2138.68
2325.44
1993.41
417.54
1549.62
2192.22
1055.80
2021.06
882.65
1387.00
2097.69
1772.26
133.23
1719.21
1604.14
1552.59
1246.20
1858.41
674.00
662.80
1494.95
1880.02
1650.37
2371.99
1365.87
1513.06
1916.76
1382.87
2154.09
1245.45
678.30
1352.21
1435.00
2614.07
360.40
2189.42
1446.09
2313.65
1895.38
1642.17
1034.00
633.80
2070.63
1515.43
2554.36
2718.17
1624.00
2342.34
945.00
914.31
2010.32
888.00
1121.75
2811.91
1261.00
1529.67
2322.72
2044.89
1456.00
567.71
1218.68
1572.76
1443.33
2442.72
1985.02
2521.04
1282.99
2655.47
1737.30
2490.17
1317.60
1136.97
2078.64
904.10
1655.64
1918.66
883.14
1979.39
1196.76
1136.30
2253.67
739.20
1058.33
878.20
1348.38
1932.51
765.48
1147.80
1811.68
814.20
2162.35
1245.20
1055.40
463.43
2102.61
1945.93
1167.01
2501.72
1255.25
942.40
732.68
1864.57
1276.20
1938.96
1231.20
1726.19
1022.92
1771.49
1303.44
1421.16
1172.89
2102.67
1481.05
706.20
1741.04
2065.58
1531.57
1519.37
1812.45
1022.20
2371.88
401.66
1843.38
1527.00
2290.51
790.40
2030.97
1118.98
1757.36
571.20
1649.42
963.49
116.20
865.96
1318.40
2026.53
1842.38
2402.25
2368.22
1851.74
1498.48
1646.28
778.74
980.65
2155.91
927.60
1019.40
2713.78
1133.00
659.32
2057.45
1769.45
2057.10
2772.81
1906.10
1292.00
2057.98
2335.47
2378.58
2394.61
2250.74
2252.19
928.12
1109.16
683.36
2648.62
1966.62
1492.22
1881.34
1390.20
1522.39
1871.61
787.76
1362.60
2144.43
1349.66
1893.30
1374.91
1444.41
1883.39
924.80
1446.00
752.59
1373.00
1716.27
901.40
1368.02
2475.29
1356.00
2265.84
1233.09
684.07
2025.25
311.70
1556.71
1201.09
984.83
1302.37
2000.65
1113.93
1347.34
1059.60
1909.12
2510.26
905.70
1586.68
2408.43
1380.00
700.40
1700.85
1494.00
350.23
1626.73
2380.99
214.20
1795.53
1153.00
2218.30
1444.31
2416.20
1777.46
1417.44
2133.75
720.40
2272.39
840.87
1554.97
1932.93
876.89
1903.49
2070.63
1953.38
2601.54
1982.32
1920.84
917.39
1910.29
1137.65
1071.00
2300.48
2200.07
331.40
1127.31
1147.97
1669.58
2434.62
602.20
1092.60
1946.31
1289.85
1109.58
428.07
2113.62
1682.90
1159.19
1212.31
687.60
2236.76
1150.58
2076.35
1766.50
2496.87
918.40
1713.53
1447.42
2129.45
1304.37
1951.84
1492.31
1542.79
2175.15
1445.66
2174.36
1544.73
2371.27
865.20
1614.39
1024.60
1652.06
945.00
1402.06
2268.92
1049.14
1696.59
1475.60
2037.65
2415.77
418.69
1828.89
1835.41
1688.78
1044.68
1107.60
1637.97
2199.49
1015.75
2016.29
1884.83
1536.14
1839.34
2040.66
1353.20
1811.47
2136.42
1473.15
1172.10
603.72
2396.77
1504.69
1310.78
1001.00
2797.30
771.00
262.86
586.04
2270.19
1335.05
